1101111010101101101111101110111111011110101011011011111011101111
1010110011100000110111101010110110111110111011111010110011100000
0010010000010000000000000000000000
0010111110001000000000000000000000
0000111000100100000000000000000000
0011001111101000000000000000000000
0001010110000100000000000000000000
0011100111100100000000000000000000
0010001000110100000000000000000000
0010001001001000000000000000000000
0010111110001100000000000000000000
0001010010111100000000000000000000
0000111101011010101000100011000000
0010100010010111000011100101000000
0000000001110001101100001000000000
0001010000001111111001101001000000
0000111011101010100010001100000000
0000101111100011011000010000000000
0011011110011111110011010010000000
0001011000011111110011010010000000
0011111100011111110011010010000000
0011110111011100001110010100000000
0011010111011100001110010100000000
0010100010011000101001010110000000
0010100111010101000100011000000000
0000111001010101000100011000000000
0010010011111010001110011111000000
0000100010001100000000000001000000
0011001110101100000000000001000000
0011011100001000000000000001000000
0000110001110000000000000001000000
0010011000000100000000000001000000
0000011100100000000000000001000000
0001010111000100000000000001000000
0011000110001000000000000001000000
0011001100000000000000000001000000
0001001011000000000000000001000000
0010110000111111100110100100000000
0011101001010110101010001001000000
0011011100001011111011001111000000
0001010100000101000010011101000000
0001111010111100000000000010000000
0011010010100000000000000010000000
0011111100110000000000000010000000
0010001001000000000000000010000000
0001111001100000000000000010000000
0010010101100000000000000010000000
0011001011001100000000000010000000
0011010000011000000000000010000000
0011100111100000000000000010000000
0010001111111000000000000010000000
0011001001101000001001100011000000
0001001111111111001101001000000000
0000011010111011101000001010000000
0010110111011001110101101011000000
0010110101110000111001010000000000
0001100111110000111001010000000000
0000100000001111000110110001000000
0000000101110000111001010000000000
0010110010110100101010011111000000
0000011110001111000110110001000000
0011111001101001101111010100000000
0001011000100110001010010110000000
0001001110010111101010000000000000
0011110110101110011100111111000000
0000101110100110001010010110000000
0000001101110000000000000011000000
0001001011110000000000000011000000
0010100001000100000000000011000000
0001010010100000000000000011000000
0001001100000100000000000011000000
0001101000000100000000000011000000
0001001100000000000000000011000000
0010100011000000000000000011000000
0001101111001000000000000011000000
0010000011001000000000000011000000
0001111001101011010101000101000000
0010101000100111110000000111000000
0000101010011001010101011111000000
0001110100000010011000101010000000
0001110100111110110011101100000000
0001001000011001011100001111000000
0000111110011001011100001111000000
0000100010011001011100001111000000
0010000110110111101001110000000000
0010110001110100000100110010000000
0000100011001110101101010101000000
0001111110001011001000010111000000
0010110111100101110000111010000000
0011011101011100000000000100000000
0000010000001100000000000100000000
0010110000110100000000000100000000
0010100010100100000000000100000000
0000000011101000000000000100000000
0001010101010000000000000100000000
0000001010000000000000000100000000
0000111111001000000000000100000000
0001011011010000000000000100000000
0001100100011000000000000100000000
0000011111010111011101000010000000
0000011100010011111000000100000000
0001111100110010000101100101000000
0010111101010111011101000010000000
0000111110101010111011101001000000
0001001101001001001001001010000000
0010101100100011110001101101000000
0001110001000001111111001110000000
0001111001011001000010110011000000
0000001000011011110011100010000000
0011001111010001111000110111000000
0011011111001010101110111011000000
0000110101001010101110111011000000
0000000001101000111100011100000000
0001100010000100000000000101000000
0010000100000000000000000101000000
0000001011011100000000000101000000
0000000010000000000000000101000000
0010111101100100000000000101000000
0000000101000000000000000101000000
0001011101100100000000000101000000
0010011101101000000000000101000000
0000111011000000000000000101000000
0010111100001100000000000101000000
0000010011100001110010100000000000
0010111010011110001101100010000000
0000101100111100011011000011000000
0010111110111100011011000011000000
0010100111111000110110000101000000
0000111000110101010001000111000000
0001011110110101010001000111000000
0000101101010011011110101000000000
0010000011110001101100001001000000
0011110110001111111001101010000000
0010111001101010100010001101000000
0001110100100110111101001111000000
0011011101010101000100011001000000
0001110001110011010001111010000000
0010110111111110011011100001000000
0000001110001010010101011111000000
0001010011110100000000000110000000
0001001111011100000000000110000000
0001101000100100000000000110000000
0011110001100000000000000110000000
0000100110000100000000000110000000
0000000011000100000000000110000000
0010010110101000000000000110000000
0011110111001100000000000110000000
0010010000000100000000000110000000
0010001010001000000000000110000000
0010100000100001011001000100000000
0000001100110001010010101101000000
0000101111001111100000001110000000
0001100111101101101101101111000000
0000010100001011111011010000000000
0000011100001011111011010000000000
0010000010001011111011010000000000
0001011101100110100011110011000000
0011111011100100010110000001000000
0010110100000100110001010100000000
0010101101000001001100010110000000
0001010101011111011001110111000000
0000000100101100000000000111000000
0000001111111100000000000111000000
0010100110010100000000000111000000
0000100101000000000000000111000000
0000110001000100000000000111000000
0000101110001100000000000111000000
0010000111001100000000000111000000
0001100101001100000000000111000000
0011011111001100000000000111000000
0001001101010000000000000111000000
0000011001101111010011100000000000
0001001111001001111100000011000000
0011110110001101100001000001000000
0011010001000010110010000111000000
0010010101100000111111101000000000
0001111100111011101000001011000000
0010000011111000000011001101000000
0010110100110100011110001111000000
0000011111010010101011110000000000
0001011111001011100001110100000000
0000010011101001101111010101000000
0010100100111101001101111100000000
0000010111011011011011011101000000
0001111000010111110110011111000000
0000010111111100000000001000000000
0011111101110000000000001000000000
0000101101011000000000001000000000
0000111111000000000000001000000000
0011100110000100000000001000000000
0011010000000000000000001000000000
0000111011001100000000001000000000
0010010111010000000000001000000000
0010101111011000000000001000000000
0001011100011000000000001000000000
0001000000101110111010000100000000
0010111011001101000111100101000000
0001010001010100010001100001000000
0001000100001001100010100111000000
0001100010100111110000001000000000
0010010011000101111101101001000000
0011001111010000000110011111000000
0000110110110111101001110001000000
0011010010110111101001110001000000
0011100110010010010010010100000000
0011101010110000011111110101000000
0000101000000011111110011100000000
0011001110100010001011111101000000
0000110011000000011001011110000000
0001001011110000000000001001000000
0010011010010000000000001001000000
0000011010010100000000001001000000
0010001111000000000000001001000000
0000101111001000000000001001000000
0011100001101000000000001001000000
0001011111110100000000001001000000
0010010110000000000000001001000000
0011110000001000000000001001000000
0010011000001000000000001001000000
0011111110011011000010000001000000
0001001010011011000010000001000000
0000111010011011000010000001000000
0001101010110010000101100110000000
0011001101010111011101000011000000
0001011011010000010011000111000000
0001010111101110100000101000000000
0001001001100010101110000010000000
0011111110001100101110001001000000
0001000000001100101110001001000000
0001111010000101100100001101000000
0001111110000101100100001101000000
0001110110011100100111110010000000
0011011011110111010000010101000000
0010001010110011101011010111000000
0000100000101100100001011011000000
0011000001101000111100011101000000
0011101110000111001001111110000000
0001110110000111001001111110000000
0000100110100101010111011111000000
0010001011110000000000001010000000
0011111000110000000000001010000000
0011010111000000000000001010000000
0001110011100000000000001010000000
0001011100000100000000001010000000
0001000011000000000000001010000000
0011101011001000000000001010000000
0011111101010000000000001010000000
0010111000010100000000001010000000
0000101000010100000000001010000000
0001111111000011100101000000000000
0011111011011010101000100101000000
0011110111111000110110000110000000
0011111100010111000011100111000000
0000011000010111000011100111000000
0011001110010111000011100111000000
0010100000110101010001001000000000
0000100010001111111001101011000000
0011000000001000101111101111000000
0010111000100110111101010000000000
0001110001000101001010110001000000
0000100010001110101100111110000000
0011110111010101000100011010000000
0010001000101111101100111101000000
0001101111001101111010011110000000
0001010101001000000000001011000000
0011000001110100000000001011000000
0001000110011000000000001011000000
0001100011111100000000001011000000
0010001011011000000000001011000000
0000011101100000000000001011000000
0000000010100100000000001011000000
0001000100000100000000001011000000
0001100000000100000000001011000000
0001110110001000000000001011000000
0000100110111111100110100110000000
0000101001011101110100000111000000
0000000011001111100000001111000000
0001100011101101101101110000000000
0010100011100110100011110100000000
0010111010000100110001010101000000
0000011110000100110001010101000000
0001110100100010111110110110000000
0000001000011011110100111010000000
0001010100111010000010011011000000
0010100110010100101010111110000000
0011010101010100000000001100000000
0011000011010000000000001100000000
0010000010000100000000001100000000
0010101110001000000000001100000000
0010111001011100000000001100000000
0001100110000100000000001100000000
0010110010001000000000001100000000
0011100010110100000000001100000000
0011011110001100000000001100000000
0001101100010000000000001100000000
0000101010000110010111000110000000
0010011101100000111111101001000000
0000010101111111001101001010000000
0010011110011101011010101011000000
0010100100011101011010101011000000
0010011010111011101000001100000000
0000010010111011101000001100000000
0000100010010110010000101111000000
0011010111010010101011110001000000
0001101000000111111100110111000000
0001110001000100010111111001000000
0011011101011011011011011110000000
0010010001011011011011011110000000
0001011011111001101000111111000000
0011110010011000000000001101000000
0011010101010000000000001101000000
0001110001010000000000001101000000
0011000100000000000000001101000000
0000000101000000000000001101000000
0000010010100100000000001101000000
0010001111000100000000001101000000
0001000111001000000000001101000000
0000110000001100000000001101000000
0001000000001100000000001101000000
0011010010010111110110100000000000
0011111011110010011111000011000000
0001010101001101000111100110000000
0001101101101011010101000111000000
0001001000001001100010101000000000
0000010000001001100010101000000000
0000110111111011001110110000000000
0011001111101001110111000000000000
0000110100011001011100010001000000
0000011111110100000100110100000000
0011111111001110101101010111000000
0011010111101100111010111000000000
0010001010001011001000011001000000
0000100110001011001000011001000000
0001100111100101110000111100000000
0000101010100010001011111110000000
0001011000100010001011111110000000
0001011011000000011001011111000000
0000111011011000000000001110000000
0010111000100000000000001110000000
0010011111010000000000001110000000
0000100001110000000000001110000000
0011101110000000000000001110000000
0000110110000100000000001110000000
0011100100101000000000001110000000
0011010101000100000000001110000000
0010011101001100000000001110000000
0010000011001100000000001110000000
0000010111111100110100100001000000
0011001110111001001111100011000000
0010010010111001001111100011000000
0010100000010011111000000110000000
0000110011010000010011001000000000
0001000101101110100000101001000000
0001111110101010111011101011000000
0011100101000001111111010000000000
0011001011100000001100110001000000
0010000110011100100111110011000000
0000110100011100100111110011000000
0010000111011001000010110101000000
0011110111010001111000111001000000
0001101010101100100001011100000000
0000100001001010101110111101000000
0001100001010001110011100100000000
0011101100000000000000001111000000
0001000111001100000000001111000000
0001101011000000000000001111000000
0000011010100000000000001111000000
0000101010000100000000001111000000
0000111101001000000000001111000000
0011111111000000000000001111000000
0010010001010000000000001111000000
0000111011011100000000001111000000
0001001100101100000000001111000000
0011000101100001110010100010000000
0011111001000011100101000001000000
0011111110111100011011000101000000
0000001000010111000011101000000000
0010110010011110000101100000000000
0001110011101010100010001111000000
0011000000001000101111110000000000
0010101110111110000000110110000000
0011011101010101000100011011000000
0000101000101111101100111110000000
0001011100101000000000010000000000
0010001111110000000000010000000000
0000001110010000000000010000000000
0011111011000000000000010000000000
0000001000010000000000010000000000
0010101001000100000000010000000000
0001011000001000000000010000000000
0010111101001000000000010000000000
0010001111001100000000010000000000
0001010011010100000000010000000000
0011001100001010010101100001000000
0010001100101000100011000010000000
0000000010000101001111100000000000
0001111000100001011001000110000000
0011010000100001011001000110000000
0010001110100001011001000110000000
0001010010100001011001000110000000
0000001000011010001111001010000000
0001110010111000011100101011000000
0010111101001101011100010111000000
0000000010010011000101001110000000
0010111111001111100000010000000000
0001001000001011111011010010000000
0000011011100110100011110101000000
0010001001100110100011110101000000
0001101000100010111110110111000000
0011010001011111011001111001000000
0000100100011011110100111011000000
0011100111011000001111111101000000
0011010110010100101010111111000000
0000111000010000000000010001000000
0000011000110100000000010001000000
0000100101000100000000010001000000
0001000011000000000000010001000000
0011101100100100000000010001000000
0000100011101000000000010001000000
0001101111101100000000010001000000
0000011010110000000000010001000000
0010101110000100000000010001000000
0000111110000100000000010001000000
0010000100101011101110100100000000
0001100101101000001001100110000000
0010010110000110010111000111000000
0011100000100100100100101000000000
0010100011100000111111101010000000
0011101011111111001101001011000000
0001110011111000000011001111000000
0011010110010110010000110000000000
0000011110110100011110010001000000
0011110011101001101111010111000000
0010010001000100010111111010000000
0000010000000000110010111100000000
0011011110010100000000010010000000
0010011110001100000000010010000000
0011110001011000000000010010000000
0010011010000000000000010010000000
0001110101100000000000010010000000
0011110010000100000000010010000000
0001001110010000000000010010000000
0000011011010100000000010010000000
0000011011011000000000010010000000
0001011101011000000000010010000000
0011110101111001101001000000000000
0000001111110010011111000100000000
0001110011101011010101001000000000
0010101000001001100010101001000000
0001001110001001100010101001000000
0001010110111110110011101111000000
0000111010111110110011101111000000
0011110001111011001110110001000000
0001101101111011001110110001000000
0001100101110100000100110101000000
0000010000010010010010010110000000
0010110000110000011111110111000000
0001011111001110101101011000000000
0001001001001110101101011000000000
0000001001101100111010111001000000
0000011011000111100011011100000000
0000000110000011111110011110000000
0001110010000011111110011110000000
0000111010100010001011111111000000
0010010100010000000000010011000000
0010110000010000000000010011000000
0000010111000000000000010011000000
0001011010000000000000010011000000
0000001010100100000000010011000000
0001011100100100000000010011000000
0001001010100000000000010011000000
0001110011001000000000010011000000
0011101111011000000000010011000000
0011100010011100000000010011000000
0010000000011011000010000011000000
0011100011011110100111000001000000
0011011000111001001111100100000000
0010000001110101101010100110000000
0010010111110101101010100110000000
0010110110010011111000000111000000
0001111011101110100000101010000000
0011101000001100101110001011000000
0001000100001100101110001011000000
0000111011001001001001001101000000
0000000001100111010110101110000000
0000110111000001111111010001000000
0000100101011001000010110110000000
0001101011011001000010110110000000
0010010111110000000110011011000000
0010100000101100100001011101000000
0001110011101000000000010100000000
0000101001100000000000010100000000
0001101110010100000000010100000000
0000010111000000000000010100000000
0000000011000000000000010100000000
0001000011001000000000010100000000
0010100111001100000000010100000000
0000100110001100000000010100000000
0000010101001100000000010100000000
0000111010001100000000010100000000
0011100111100001110010100011000000
0000000000000000000000000100000000
0011011100101110010110111101000000
0000111110110101010001001010000000
0010110100110101010001001010000000
0011010010001111111001101101000000
0011101100001111111001101101000000
0000010000101110000111001110000000
0001111111101010100010010000000000
0001010101000101001010110011000000
0001001000111110000000110111000000
0010001100010001011111011110000000
0000101010010100000000010101000000
0010000011110000000000010101000000
0001000110100000000000010101000000
0011101011000000000000010101000000
0010100101000100000000010101000000
0011100001101000000000010101000000
0011000000000000000000010101000000
0000111000011100000000010101000000
0000101100001100000000010101000000
0011110001001100000000010101000000
0010110110001010010101100010000000
0010111011100100111110000101000000
0000100111000110110000100100000000
0001001100000011001011100110000000
0011110100000011001011100110000000
0010101010100001011001000111000000
0000100100100001011001000111000000
0011101010111111100110101000000000
0001001001011101110100001001000000
0000000101111100000001101010000000
0011100101010110101010001101000000
0001110101010110101010001101000000
0011010000110001010010110000000000
0011011011001111100000010001000000
0011010010000100110001010111000000
0010111110000100110001010111000000
0001010110100010111110111000000000
0010000001000001001100011001000000
0001001011000001001100011001000000
0011011111011111011001111010000000
0011111111111101100111011011000000
0011111100111010000010011101000000
0010101110011011101101100000000000
0011010110111010000010011101000000
0010110011010100000000010110000000
0010100110100100000000010110000000
0010101001100000000000010110000000
0001011010110000000000010110000000
0000011100110000000000010110000000
0011010011000100000000010110000000
0000100101100100000000010110000000
0000000111001000000000010110000000
0010111100001000000000010110000000
0000010011001100000000010110000000
0011001001010001000110000010000000
0001011010101011101110100101000000
0001001010001101100001000100000000
0000110101101111010011100011000000
0001010111110001101001100010000000
0000010101101000001001100111000000
0001000010011101011010101101000000
0011000110110100011110010010000000
0011010100000111111100111001000000
0010010010010000111101111111000000
0001011100011111000000011110000000
0011011001010100000000010111000000
0010111001000100000000010111000000
0000000001100100000000010111000000
0001011101001000000000010111000000
0001100010000000000000010111000000
0001111001011100000000010111000000
0001010011000100000000010111000000
0000111111000100000000010111000000
0001100100001000000000010111000000
0000101000010100000000010111000000
0000010101011011011011100000000000
0000111001001101000111101000000000
0011011110001001100010101010000000
0000001101011101000001010001000000
0001110000011001011100010011000000
0001111100011001011100010011000000
0001010010110111101001110100000000
0010010101110100000100110110000000
0010110100101001010101111100000000
0011111000110100001011000001000000
0001011011100101110000111110000000
0001011101100101110000111110000000
0011001100000011111110011111000000
0001100010101000000000011000000000
0011111110010000000000011000000000
0001000010001100000000011000000000
0001100010000100000000011000000000
0000010001000100000000011000000000
0011110110000100000000011000000000
0000010000001100000000011000000000
0001011111010000000000011000000000
0000001100011000000000011000000000
0011111000011000000000011000000000
0001011001000011100001000000000000
0001110000111001001111100101000000
0010001111111100110100100011000000
0001001101011110100111000010000000
0000110001111100110100100011000000
0011111101110101101010100111000000
0000101001001001001001001110000000
0010100111000001111111010010000000
0000000101000001111111010010000000
0011000011100000001100110011000000
0010111111100000001100110011000000
0011111100111010110101010110000000
0000100110111010110101010110000000
0000010111011001000010110111000000
0001101111110111010000011000000000
0001111011110000000110011100000000
0001001000001110010011111101000000
0010111101001010101110111111000000
0011010101101000000000011001000000
0011010010101100000000011001000000
0011110010100000000000011001000000
0000010100000000000000011001000000
0001111100100100000000011001000000
0011000010000000000000011001000000
0011110101000000000000011001000000
0010111001000000000000011001000000
0011101111001000000000011001000000
0011101101001000000000011001000000
0000111011100001110010100100000000
0010110010000000000000000101000000
0001011011011010101000101000000000
0000000111111000110110001001000000
0011011011010011011110101100000000
0011100000001111111001101110000000
0011111000101110000111001111000000
0000111100100100111001011111000000
0010100010011111110011010111000000
0011111100011111110011010111000000
0011111111010101000100011101000000
0010111111110011010001111110000000
0000001110001100000000011010000000
0001111111000000000000011010000000
0000010100100000000000011010000000
0011111111000100000000011010000000
0011101111100000000000011010000000
0000011100001000000000011010000000
0011010001101000000000011010000000
0000000101001100000000011010000000
0011100001001100000000011010000000
0001110000001100000000011010000000
0001111101101100001000000010000000
0011101111001101111010100001000000
0000001110111111100110101001000000
0001111110111111100110101001000000
0001011000111111100110101001000000
0001110101010110101010001110000000
0001000011001111100000010010000000
0000000001101101101101110011000000
0000110011100110100011110111000000
0010011010000100110001011000000000
0001111000100010111110111001000000
0010001111110001111101111111000000
0001100111011111011001111011000000
0010001101111101100111011100000000
0001000011111101100111011100000000
0001111011010000000000011011000000
0001011000000000000000011011000000
0010000000100100000000011011000000
0000011111000100000000011011000000
0000111101000100000000011011000000
0010010011100100000000011011000000
0011111000000100000000011011000000
0000100101000100000000011011000000
0010010011001000000000011011000000
0010011100001000000000011011000000
0000001001110110011101100000000000
0011011110001101100001000101000000
0000001100101011101110100110000000
0000100001000010110010001011000000
0011000100011101011010101110000000
0001111100011101011010101110000000
0001000000011101011010101110000000
0001010001011001110101110000000000
0010010010010110010000110010000000
0011101101010010101011110100000000
0000001101000100010111111100000000
0001010001100010100101011101000000
0011111101100010100101011101000000
0000011111000000000000011100000000
0000110000010100000000011100000000
0011001010110000000000011100000000
0010001110100000000000011100000000
0000011000101000000000011100000000
0000011010101000000000011100000000
0000001011000000000000011100000000
0011010111001000000000011100000000
0001000001001100000000011100000000
0010010101010000000000011100000000
0001100010100101110000100000000000
0011001100010111110110100011000000
0000101111011011011011100001000000
0011010101110010011111000110000000
0000000100010000101100100111000000
0011011001001101000111101001000000
0000010011001101000111101001000000
0000101001001101000111101001000000
0011110010001001100010101011000000
0000010010100111110000001100000000
0000101101000101111101101101000000
0000001110100000100110010000000000
0011000010011001011100010100000000
0011100000110111101001110101000000
0001110010110000011111111001000000
0011100100110000011111111001000000
0000111011001110101101011010000000
0000101011001110101101011010000000
0011100110001011001000011100000000
0000101010000101011101100000000000
0001010011000111100011011110000000
0001111011000111100011011110000000
0000100001100101110000111111000000
0011100111100000000000011101000000
0011001000100000000000011101000000
0010000010100000000000011101000000
0010101101000000000000011101000000
0001001010000000000000011101000000
0001010011000100000000011101000000
0000001000000100000000011101000000
0010000111001000000000011101000000
0001010010010100000000011101000000
0010000101010100000000011101000000
0011100010100010001100000001000000
0001101100011011000010000101000000
0000100001001011011100100010000000
0001101110111001001111100110000000
0001101001010111011101000111000000
0011101011110101101010101000000000
0010110001011111110000100001000000
0011000010110010000101101010000000
0010110000110010000101101010000000
0010101011100111010110110000000000
0001011111000001111111010011000000
0010010101101000111001000000000000
0011001111110111010000011001000000
0011110011110000000110011101000000
0000010100001110010011111110000000
0001010100101100100001011111000000
0011111100100000000000011110000000
0011011100100000000000011110000000
0010110111110000000000011110000000
0000010111010100000000011110000000
0010100000011000000000011110000000
0001010110111000000000011110000000
0010000100110100000000011110000000
0000101101010100000000011110000000
0011000100010100000000011110000000
0000011000011000000000011110000000
0010010111001010101111000000000000
0011001000000111001010000010000000
0010101101000011100101000100000000
0000000011100001110010100101000000
0010010001000011100101000100000000
0011111001011010101000101001000000
0001110011011010101000101001000000
0000111001111000110110001010000000
0011000001001100010100100000000000
0000000010110101010001001100000000
0011011000110101010001001100000000
0011101000001111111001101111000000
0001111001001100010100110001000000
0011011000100110111101010100000000
0001100010100110111101010100000000
0000010111000101001010110101000000
0001011011100011011000010110000000
0010011011111010011011111011000000
0011000100010000000000011111000000
0000100110110100000000011111000000
0000001000011100000000011111000000
0011001001100100000000011111000000
0001110111000100000000011111000000
0001110100101100000000011111000000
0001011001101000000000011111000000
0001111010000100000000011111000000
0011000000001000000000011111000000
0010111010001100000000011111000000
0010001111001101111010100010000000
0001110111101100001000000011000000
0010011011000110110000100110000000
0010001000000011001011101000000000
0001110100100011010101000000000000
0010010100011010001111001101000000
0010000000010011000101010001000000
0010001111101101101101110100000000
0010001101101101101101110100000000
0000100010001011111011010101000000
0010010011101101101101110100000000
0001101000101010001000110110000000
0001000010100010111110111010000000
0000000000111010000010011111000000
0000100110111000000000100000000000
0010101101001000000000100000000000
0011110100001000000000100000000000
0001111111001100000000100000000000
0010010100100100000000100000000000
0011111010000100000000100000000000
0000011101000000000000100000000000
0010111000111000000000100000000000
0000110011010100000000100000000000
0011011000100000000000100000000000
0000111001110110011101100001000000
0000000001101111010011100101000000
0010000110100100100100101011000000
0010010001111111001101001110000000
0000100011111000000011010010000000
0001111100010110010000110011000000
0001100111110000111001010110000000
0001011110001111000110110111000000
0000101111001011100001111001000000
0011011100000111111100111011000000
0011110110100110001010011100000000
0011111100000000110010111111000000
0001111001100100000000100001000000
0011010110110000000000100001000000
0010010110100100000000100001000000
0001101011100100000000100001000000
0000011010001000000000100001000000
0001110011101100000000100001000000
0001010111001100000000100001000000
0011011100110100000000100001000000
0001001110000100000000100001000000
0001001100001000000000100001000000
0001010010011111000000100000000000
0001100011110010011111000111000000
0000111110000010011000110000000000
0001001011011101000001010011000000
0011001100010010010010011001000000
0000100001001110101101011011000000
0010110011001110101101011011000000
0010011010101001010101111110000000
0010111000100100000000100010000000
0011001100100100000000100010000000
0000001110001000000000100010000000
0001111101000100000000100010000000
0010000010001000000000100010000000
0010111000001100000000100010000000
0010100111010000000000100010000000
0001101101010100000000100010000000
0000101011010100000000100010000000
0011010001011100000000100010000000
0010000011100101110001000000000000
0000100111001000111100000001000000
0011110100010011111000001010000000
0011010110010110100001100001000000
0010110101101110100000101101000000
0011110110001100101110001110000000
0001111010001100101110001110000000
0010101101100111010110110001000000
0011001011100111010110110001000000
0010001001000001111111010100000000
0010001010011100100111110111000000
0011010110011100100111110111000000
0001010010111010110101011000000000
0001011010011100100111110111000000
0010010010010101011101111011000000
0011101010010101011101111011000000
0011110010001110010011111111000000
0011011000001000000000100011000000
0000001111110100000000100011000000
0000001011110100000000100011000000
0001101111111100000000100011000000
0011111001011000000000100011000000
0001011100100000000000100011000000
0010111110101000000000100011000000
0000010100000111001010000011000000
0000110110000111001010000011000000
0011010111011000000000100011000000
0001010010001110010001000000000000
0011101011000011100101000101000000
0001010111000011100101000101000000
0011000110001101000001100000000000
0010001010011110001101101000000000
0001101111110001101100001111000000
0011100101110001101100001111000000
0011011001001111010010000010000000
0011111110101110000111010001000000
0011000110010010011011011111000000
0011010001111010011001000000000000
0000000110011111110011011001000000
0010100001011100001001000001000000
0001000100110110110110111110000000
0000101111010101000100011111000000
0001010110000000000000100100000000
0010010001010000000000100100000000
0001000111100000000000100100000000
0010000001100000000000100100000000
0010101000001000000000100100000000
0010110001101000000000100100000000
0011001111000000000000100100000000
0000100101001000000000100100000000
0011101110010000000000100100000000
0000110011011000000000100100000000
0001011111110011010010000000000000
0001100100101111101101000010000000
0000111011001101111010100011000000
0010100110101111101101000010000000
0001010111101100001000000100000000
0011001101101100001000000100000000
0010010101111001100101011111000000
0011110000000011001011101001000000
0011010110111111100110101011000000
0000010100110001010010110011000000
0000000011001111100000010100000000
0001101111001111100000010100000000
0011000001101101101101110101000000
0001100010101010001000110111000000
0000100011100110100011111001000000
0010100110000100110001011010000000
0010110100100010111110111011000000
0010000000000000000000100101000000
0001011101000000000000100101000000
0011110001010000000000100101000000
0010000011010000000000100101000000
0011111100000000000000100101000000
0010010011000000000000100101000000
0001001001000000000000100101000000
0011111110000000000000100101000000
0000001111001000000000100101000000
0000100110001000000000100101000000
0010010001010001000110000101000000
0001000011010001000110000101000000
0011010111101111010011100110000000
0001111110001101100001000111000000
0011110110001101100001000111000000
0001001001101000001001101010000000
0011011010000110010111001011000000
0000101011100000111111101110000000
0001100110111011101000010001000000
0011100101011001110101110010000000
0000010011110000111001010111000000
0011111100001111000110111000000000
0001010110101101010100011001000000
0010101001101001101111011011000000
0001111000110100000000100110000000
0001000101111100000000100110000000
0000010001100000000000100110000000
0001011000101000000000100110000000
0010000100001100000000100110000000
0011010110010000000000100110000000
0010101100010100000000100110000000
0011011111000000000000100110000000
0011011010000000000000100110000000
0010100101001000000000100110000000
0011100110000000110011000000000000
0000010010111101001110000010000000
0010010100111101001110000010000000
0000101101111001101001000100000000
0000000010110110000100000110000000
0011011111111000110001000001000000
0011111001001101000111101011000000
0001100101101011010101001100000000
0001001111101011010101001100000000
0000010010001001100010101101000000
0001001110001001100010101101000000
0010111111100100001011010000000000
0000110010111110110011110011000000
0011100001111011001110110101000000
0001110110110111101001110111000000
0011000011110100000100111001000000
0011010111110100000100111001000000
0011001010001011001000011110000000
0010101100101001010101111111000000
0011010100111000000000100111000000
0001010100101100000000100111000000
0000101000001100000000100111000000
0011001000001100000000100111000000
0000110101101100000000100111000000
0001001100010100000000100111000000
0000011001000000000000100111000000
0011101010000100000000100111000000
0010000110011000000000100111000000
0011000000011000000000100111000000
0010110010000011111110100010000000
0001000111111100110100100110000000
0000011001010111011101001001000000
0000000011110101101010101010000000
0010001010001100101110001111000000
0001000011001001001001010001000000
0000101001000001111111010101000000
0000101010011100100111111000000000
0010000111101101001101111111000000
0011010010010101011101111100000000
0001001000110011101011011101000000
0011001101010001111000111110000000
0001010010111000000000101000000000
0000010001000000000000101000000000
0000101000100000000000101000000000
0001100111100000000000101000000000
0000111110100000000000101000000000
0001010101100100000000101000000000
0001011011000000000000101000000000
0000110001000100000000101000000000
0000110100001000000000101000000000
0001011011001100000000101000000000
0010011010101100100001100001000000
0001111100101100100001100001000000
0001110011000011100101000110000000
0011101011100001110010100111000000
0000101100111100011011001010000000
0001101111010110110110111111000000
0001101110110101010001001110000000
0001011000001111111001110001000000
0001111001001100010100110011000000
0000001001001100010100110011000000
0000111110001000101111110101000000
0000010000111110000000111011000000
0010101100110110110110111111000000
0001001011100100000000101001000000
0001100000100000000000101001000000
0001111010000100000000101001000000
0011011100110000000000101001000000
0001101000001000000000101001000000
0001011100001100000000101001000000
0010000100001100000000101001000000
0011001100010000000000101001000000
0000001100011000000000101001000000
0000111111100100000000101001000000
1101111010101101101011001110000010111110111011111010110011100000
