1010001101011100101000110101110010100011010111001110000100000000
1010001101011100101000110101110010100011010111001110000100000000
1010001101011100101000110101110010100011010111001110000100000000
1010001101011100101000110101110010100011010111001110000100000000
1010001101011100101000110101110010100011010111001110000100000000
1010001101011100101000110101110010100011010111001110000100000000
1010001101011100101000110101110010100011010111001110000100000000
1010001101011100101000110101110010100011010111001110000100000000
1010001101011100101000110101110010100011010111001110000100000000
1010001101011100101000110101110010100011010111001110000100000000
1010001101011100101000110101110010100011010111001110000100000000
1010001101011100101000110101110010100011010111001110000100000000
1010001101011100101000110101110010100011010111001110000100000000
1010001101011100101000110101110010100011010111001110000100000000
1010001101011100101000110101110010100011010111001110000100000000
1010001101011100101000110101110010100011010111001110000100000000
1010001101011100101000110101110010100011010111001110000100000000
1010001101011100101000110101110010100011010111001110000100000000
1010001101011100101000110101110010100011010111001110000100000000
1010001101011100101000110101110010100011010111001110000100000000
1010001101011100101000110101110010100011010111001110000100000000
1010001101011100101000110101110010100011010111001110000100000000
1010001101011100101000110101110010100011010111001110000100000000
1010001101011100101000110101110010100011010111001110000100000000
1010001101011100101000110101110010100011010111001110000100000000
1010001101011100101000110101110010100011010111001110000100000000
1010001101011100101000110101110010100011010111001110000100000000
1010001101011100101000110101110010100011010111001110000100000000
1010001101011100101000110101110010100011010111001110000100000000
1010001101011100101000110101110010100011010111001110000100000000
1010001101011100101000110101110010100011010111001110000100000000
1010001101011100101000110101110010100011010111001110000100000000
1010001101011100101000110101110010100011010111001110000100000000
1010001101011100101000110101110010100011010111001110000100000000
1010001101011100101000110101110010100011010111001110000100000000
1010001101011100101000110101110010100011010111001110000100000000
1010001101011100101000110101110010100011010111001110000100000000
1010001101011100101000110101110010100011010111001110000100000000
1010001101011100101000110101110010100011010111001110000100000000
1010001101011100101000110101110010100011010111001110000100000000
1010001101011100101000110101110010100011010111001110000100000000
1010001101011100101000110101110010100011010111001110000100000000
1010001101011100101000110101110010100011010111001110000100000000
1010001101011100101000110101110010100011010111001110000100000000
1010001101011100101000110101110010100011010111001110000100000000
1010001101011100101000110101110010100011010111001110000100000000
1010001101011100101000110101110010100011010111001110000100000000
1010001101011100101000110101110010100011010111001110000100000000
1010001101011100101000110101110010100011010111001110000100000000
1010001101011100101000110101110010100011010111001110000100000000
1010001101011100101000110101110010100011010111001110000100000000
1010001101011100101000110101110010100011010111001110000100000000
1010001101011100101000110101110010100011010111001110000100000000
1010001101011100101000110101110010100011010111001110000100000000
1010001101011100101000110101110010100011010111001110000100000000
1010001101011100101000110101110010100011010111001110000100000000
1010001101011100101000110101110010100011010111001110000100000000
1010001101011100101000110101110010100011010111001110000100000000
1010001101011100101000110101110010100011010111001110000100000000
1010001101011100101000110101110010100011010111001110000100000000
1010001101011100101000110101110010100011010111001110000100000000
1010001101011100101000110101110010100011010111001110000100000000
1010001101011100101000110101110010100011010111001110000100000000
1010001101011100101000110101110010100011010111001110000100000000
