1011111011101111000000000000000000001010110011101011111011101111
1011111011101111000000000000000000001010110011101011111011101111
1011111011101111000000000000000000001010110011101011111011101111
1011111011101111000000000000000000001010110011101011111011101111
1011111011101111000000000000000000001010110011101011111011101111
1011111011101111000000000000000000001010110011101011111011101111
1011111011101111000000000000000000001010110011101011111011101111
1011111011101111000000000000000000001010110011101011111011101111
1011111011101111000000000000000000001010110011101011111011101111
1011111011101111000000000000000000001010110011101011111011101111
1011111011101111000000000000000000001010110011101011111011101111
1011111011101111000000000000000000001010110011101011111011101111
1011111011101111000000000000000000001010110011101011111011101111
1011111011101111000000000000000000001010110011101011111011101111
1011111011101111000000000000000000001010110011101011111011101111
1011111011101111000000000000000000001010110011101011111011101111
1011111011101111000000000000000000001010110011101011111011101111
1011111011101111000000000000000000001010110011101011111011101111
1011111011101111000000000000000000001010110011101011111011101111
1011111011101111000000000000000000001010110011101011111011101111
1011111011101111000000000000000000001010110011101011111011101111
1011111011101111000000000000000000001010110011101011111011101111
1011111011101111000000000000000000001010110011101011111011101111
1011111011101111000000000000000000001010110011101011111011101111
1011111011101111000000000000000000001010110011101011111011101111
1011111011101111000000000000000000001010110011101011111011101111
1011111011101111000000000000000000001010110011101011111011101111
1011111011101111000000000000000000001010110011101011111011101111
1011111011101111000000000000000000001010110011101011111011101111
1011111011101111000000000000000000001010110011101011111011101111
1011111011101111000000000000000000001010110011101011111011101111
1011111011101111000000000000000000001010110011101011111011101111
1011111011101111000000000000000000001010110011101011111011101111
1011111011101111000000000000000000001010110011101011111011101111
1011111011101111000000000000000000001010110011101011111011101111
1011111011101111000000000000000000001010110011101011111011101111
1011111011101111000000000000000000001010110011101011111011101111
1011111011101111000000000000000000001010110011101011111011101111
1011111011101111000000000000000000001010110011101011111011101111
1011111011101111000000000000000000001010110011101011111011101111
1011111011101111000000000000000000001010110011101011111011101111
1011111011101111000000000000000000001010110011101011111011101111
1011111011101111000000000000000000001010110011101011111011101111
1011111011101111000000000000000000001010110011101011111011101111
1011111011101111000000000000000000001010110011101011111011101111
1011111011101111000000000000000000001010110011101011111011101111
1011111011101111000000000000000000001010110011101011111011101111
1011111011101111000000000000000000001010110011101011111011101111
1011111011101111000000000000000000001010110011101011111011101111
1011111011101111000000000000000000001010110011101011111011101111
1011111011101111000000000000000000001010110011101011111011101111
1011111011101111000000000000000000001010110011101011111011101111
1011111011101111000000000000000000001010110011101011111011101111
1011111011101111000000000000000000001010110011101011111011101111
1011111011101111000000000000000000001010110011101011111011101111
1011111011101111000000000000000000001010110011101011111011101111
1011111011101111000000000000000000001010110011101011111011101111
1011111011101111000000000000000000001010110011101011111011101111
1011111011101111000000000000000000001010110011101011111011101111
1011111011101111000000000000000000001010110011101011111011101111
1011111011101111000000000000000000001010110011101011111011101111
1011111011101111000000000000000000001010110011101011111011101111
1011111011101111000000000000000000001010110011101011111011101111
1011111011101111000000000000000000001010110011101011111011101111
