1010110011100000110111101010110110111110111011111010110011100000
1010110011100000110111101010110110111110111011111010110011100000
1010110011100000110111101010110110111110111011111010110011100000
1010110011100000110111101010110110111110111011111010110011100000
1010110011100000110111101010110110111110111011111010110011100000
1010110011100000110111101010110110111110111011111010110011100000
1010110011100000110111101010110110111110111011111010110011100000
1010110011100000110111101010110110111110111011111010110011100000
1010110011100000110111101010110110111110111011111010110011100000
1010110011100000110111101010110110111110111011111010110011100000
1010110011100000110111101010110110111110111011111010110011100000
1010110011100000110111101010110110111110111011111010110011100000
1010110011100000110111101010110110111110111011111010110011100000
1010110011100000110111101010110110111110111011111010110011100000
1010110011100000110111101010110110111110111011111010110011100000
1010110011100000110111101010110110111110111011111010110011100000
1010110011100000110111101010110110111110111011111010110011100000
1010110011100000110111101010110110111110111011111010110011100000
1010110011100000110111101010110110111110111011111010110011100000
1010110011100000110111101010110110111110111011111010110011100000
1010110011100000110111101010110110111110111011111010110011100000
1010110011100000110111101010110110111110111011111010110011100000
1010110011100000110111101010110110111110111011111010110011100000
1010110011100000110111101010110110111110111011111010110011100000
1010110011100000110111101010110110111110111011111010110011100000
1010110011100000110111101010110110111110111011111010110011100000
1010110011100000110111101010110110111110111011111010110011100000
1010110011100000110111101010110110111110111011111010110011100000
1010110011100000110111101010110110111110111011111010110011100000
1010110011100000110111101010110110111110111011111010110011100000
1010110011100000110111101010110110111110111011111010110011100000
1010110011100000110111101010110110111110111011111010110011100000
1010110011100000110111101010110110111110111011111010110011100000
1010110011100000110111101010110110111110111011111010110011100000
1010110011100000110111101010110110111110111011111010110011100000
1010110011100000110111101010110110111110111011111010110011100000
1010110011100000110111101010110110111110111011111010110011100000
1010110011100000110111101010110110111110111011111010110011100000
1010110011100000110111101010110110111110111011111010110011100000
1010110011100000110111101010110110111110111011111010110011100000
1010110011100000110111101010110110111110111011111010110011100000
1010110011100000110111101010110110111110111011111010110011100000
1010110011100000110111101010110110111110111011111010110011100000
1010110011100000110111101010110110111110111011111010110011100000
1010110011100000110111101010110110111110111011111010110011100000
1010110011100000110111101010110110111110111011111010110011100000
1010110011100000110111101010110110111110111011111010110011100000
1010110011100000110111101010110110111110111011111010110011100000
1010110011100000110111101010110110111110111011111010110011100000
1010110011100000110111101010110110111110111011111010110011100000
1010110011100000110111101010110110111110111011111010110011100000
1010110011100000110111101010110110111110111011111010110011100000
1010110011100000110111101010110110111110111011111010110011100000
1010110011100000110111101010110110111110111011111010110011100000
1010110011100000110111101010110110111110111011111010110011100000
1010110011100000110111101010110110111110111011111010110011100000
1010110011100000110111101010110110111110111011111010110011100000
1010110011100000110111101010110110111110111011111010110011100000
1010110011100000110111101010110110111110111011111010110011100000
1010110011100000110111101010110110111110111011111010110011100000
1010110011100000110111101010110110111110111011111010110011100000
1010110011100000110111101010110110111110111011111010110011100000
1010110011100000110111101010110110111110111011111010110011100000
1010110011100000110111101010110110111110111011111010110011100000
