1101111010101101101111101110111111011110101011011011111011101111
1010110011100000110111101010110110101100111000001011111011101111
1111111111111111111111111111111111111111111111111111111111111111
1011100100010101001010010000000000
1011100101000000001111111000000000
1011100101101110011100001110000000
1011100110000010100111101001000000
1011100110010000101100100001000000
1011100111101100010111001100000000
1011101000100101111110111000000000
1011101001110111100000010100000000
1011101011011000101010110010000000
1011101011101010011000111101000000
1011101101001101010110100101000000
1011101101010000010011110011000000
1011101110010001000110001111000000
1011101111010110011100000010000000
1011110000001111000000100100000000
1011110000010010001011011100000000
1011110000011001111001100001000000
1011110001000110100011100110000000
1011110001101101010001000100000000
1011110100000000111110101110000000
1011110100000100011010010110000000
1011110110001001010010011100000000
1011111001000010110010000010000000
1011111010000001011010101001000000
1011111010100011110110110011000000
1011111100100100011111111111000000
1011111101010011010001101001000000
1011111111111111001100101111000000
1100000001111001110010101111000000
1100000010011110011110111110000000
1100000011000110100001110000000000
1100000100010001001101000011000000
1100000111011101000100111101000000
1100001001010000110111100100000000
1100001010001011110110101011000000
1100001010100010101101111010000000
1100001011000101110011100000000000
1100001011011001110110100011000000
1100001100011101000110001100000000
1100001101010111010000110101000000
1100001101110001111110111000000000
1100001101110001111111000010000000
1100001110110100110101000010000000
1100001111111001001101100100000000
1100010000110111101000111001000000
1100010001111110001010100011000000
1100010011011001011011111001000000
1100010100010010111011000001000000
1100010100111001011010011111000000
1100010101101111010100100000000000
1100010110001101011011101000000000
1100010111010000010000111001000000
1100010111010001001010101100000000
1100011000000101100010001111000000
1100011000011010000000100010000000
1100011000110101011101011001000000
1100011001000000101000001000000000
1100011010001001011101100100000000
1100011010011000000111110110000000
1100011010101001000011011000000000
1100011101110111000000100110000000
1100011110000100111010111111000000
1100011110011101000101010001000000
1100100011000010100110010111000000
1100100101000110100101010010000000
1100100101010100110100111001000000
1100100101110110011010010000000000
1100100110011011101100010101000000
1100100110011101000001011010000000
1100100110100001111001111101000000
1100100110110010001000110010000000
1100101000100110010000111010000000
1100101000110100011100110011000000
1100101001001001111101000110000000
1100101011011110110011011110000000
1100101011100101110010100010000000
1100101100101010000111010110000000
1100101101010110110011010100000000
1100101110001011100010010110000000
1100101111000101101100100000000000
1100110010011101100010001111000000
1100110011010011100101011011000000
1100110101011101000001111010000000
1100110101110000001111111101000000
1100111000100111000111000100000000
1100111001101100111111100110000000
1100111101000101100010000110000000
1100111101101010010101101100000000
1100111110100000011100001010000000
1100111111010000101101100010000000
1100111111110010101010001101000000
1101000001100101110001110000000000
1101000010001100011100101110000000
1101000010010110111111100011000000
1101000010110000001101010011000000
1101000011000000010000100110000000
1101000011001001100111011000000000
1101000101000101010010101101000000
1101000101001010111100001011000000
1101000101101101010001110000000000
1101001000100000110111101001000000
1101001011011011011000110101000000
1101001110011000001111100011000000
1101001110100001010111100000000000
1101001110110000001101101100000000
1101010000001100101011011110000000
1101010011001100011010101011000000
1101010100111110110110010010000000
1101010101101110111110111101000000
1101010101110000100000111001000000
1101010101110010000000010000000000
1101010110101110011110001011000000
1101010111001100100000001110000000
1101011000101011010001011111000000
1101011010101010100100010110000000
1101011011001010110110001001000000
1101011100010001110100011111000000
1101011100110101010000001110000000
1101011101000010101101010101000000
1101011101001101101110111010000000
1101100000100000000100101101000000
1101100001011001110000100110000000
1101100010100110011011000101000000
1101100100011011111010110000000000
1101100110101001000100100101000000
1101100111010111100111110000000000
1101101000101100111100001110000000
1101101000110000001100010000000000
1101101001100000010001111110000000
1101101001100100100100010111000000
1101101010000101101000001001000000
1101101010000110110000001111000000
1101101010011001100000101000000000
1101101100000111011010010011000000
1101101100001110110100010100000000
1101101100010011011001100011000000
1101101100111101100001011011000000
1101101101101110111111001101000000
1101101111010111010000011011000000
1101101111011011100001010111000000
1101101111110111101110110011000000
1101110001110101001100101111000000
1101110010010110010011100010000000
1101110010011110001111001111000000
1101110100001110010111110111000000
1101110100101000110101110000000000
1101110110101000100110101111000000
1101111000101101000111001011000000
1101111010100000100000000001000000
1101111010100010010110111110000000
1101111010110001101110010000000000
1101111101110101010110011111000000
1101111110000001101010010001000000
1101111110000111001110011000000000
1101111110110010101100001000000000
1101111110110101101010010110000000
1101111111100011000110010000000000
1110000000001010101001000001000000
1110000000001011111111011011000000
1110000000011001001110111011000000
1110000001100010010100000010000000
1110000010100100111010110110000000
1110000100110100010010100000000000
1110000101011001010101000010000000
1110000101011010001110111111000000
1110000101100011001100111100000000
1110000111001010110111000010000000
1110001000011010001111111000000000
1110001000101001111101110010000000
1110001001110000100100010111000000
1110001010001010001010000110000000
1110001011000101001101101101000000
1110001100101111000011001010000000
1110001101101110110111111001000000
1110010000000000110011000011000000
1110010000100010100011111100000000
1110010000101011011001111101000000
1110010000111000100111101011000000
1110010001011110001011110001000000
1110010001100001110010111101000000
1110010011011001001001111001000000
1110010011101000101110111101000000
1110010100010101111010110100000000
1110010101100101100010101100000000
1110010110001001100110000010000000
1110010111001000001100110111000000
1110011010010110001101100110000000
1110011010011110010000111001000000
1110011010101101100111011011000000
1110011011111101000110001101000000
1110011100001111110100110100000000
1110011101100001101011101101000000
1110011110011001010000111001000000
1110011111100011101111001001000000
1110011111110000001010010111000000
1110100000011111010110000111000000
1110100001001010011110100110000000
1110100010101000011100011000000000
1110100011000001010010111111000000
1110100011001011100010111111000000
1110100100011101100101010100000000
1110100100100101010000101001000000
1110100100111111001011101011000000
1110100101001100001110111100000000
1110100110101101110010101011000000
1110100111011011101001100100000000
1110101000011010110010110111000000
1110101001110000011000110001000000
1110101011110111111100110010000000
1110101101000110010111111001000000
1110101111000010101110100110000000
1110110000010000001010011011000000
1110110000101011100001100010000000
1110110000110001110001010101000000
1110110000111110100111111100000000
1110110100000010101100001111000000
1110110100000100111001011000000000
1110110110011000100000100010000000
1110110111010001001001111111000000
1110110111101001000101001010000000
1110110111111100010111010111000000
1110111000001111101000101100000000
1110111000100110011101000000000000
1110111001011100011010000000000000
1110111010100101101110111011000000
1110111011000101000111000100000000
1110111011011111000111110110000000
1110111011101100111000000000000000
1110111100110010000011110001000000
1110111100111001010010110101000000
1110111100111001100100010100000000
1110111101010101100110001101000000
1110111101011001010100001110000000
1110111101011010111010010010000000
1110111110110011011100010010000000
1110111111000100111110000110000000
1110111111001100110000000000000000
1111000010100111101110000000000000
1111000100001110011011011101000000
1111000110000000101010000101000000
1111000110000011111111101100000000
1111000110100000111110010011000000
1111000111101010001001010011000000
1111001010011110010101010011000000
1111001100000111110111011001000000
1111001100100100101011110110000000
1111001100110100010100001011000000
1111001101000111100000011010000000
1111001110000011110001111101000000
1111001110110111010111111110000000
1111001111001001001111010001000000
1111001111010011001110100000000000
1111001111011110010111000110000000
1111010000010010011111110110000000
1111010000101101110011101100000000
1111010010101000101011011011000000
1111010010111010110110000001000000
1111010011011110110001101111000000
1111010100000101111011101100000000
1111010100101001111100110101000000
1111011000111001011101100010000000
1111011010000110100000010001000000
1111011010100111111101111011000000
1111011010110100110001001011000000
1111011010111110101110110111000000
1111011101011100000000000100000000
1111100001011100011001110000000000
1111100010000100001001000100000000
1111100100000111011101000111000000
1111100111001000100110010110000000
1111101001111101011011011110000000
1111101010110001001110111100000000
1111101011000110001011001001000000
1111101011011010011000100010000000
1111101011111101110011011001000000
1111101100111011010001110100000000
1111101110001100100001011101000000
1111101111111010110101000101000000
1111110000110000111000101011000000
1111110010000010110001001010000000
1111110010110010001100101111000000
1111110011000100110000000001000000
1111110011011000100101010001000000
1111110100000011010111101111000000
1111110100011001110110010110000000
1111110101011010101010101001000000
1111110101100111111011011111000000
1111111000011101110001100110000000
1111111001101001110011011110000000
1111111101111000010010111110000000
1101111010101101101011001110000010111110111011111010110011100000