0111111010100111101110100000111100101110101010011011101000001000
1111000011100000111111101010000010111010110011111110111110101100
0101000000000000111110011111110010101010101010101010101010110101
1011111010101100000011101010110111111110101010111010101111100011
1011111010101100000011101010110111111110101010111010101111100011
1011111010101100000011101010110111111110101010111010101111100011
1011111010101100000011101010110111111110101010111010101111100011
1011111010101100000011101010110111111110101010111010101111100011
1011111010101100000011101010110111111110101010111010101111100011
1011111010101100000011101010110111111110101010111010101111100011
1011111010101100000011101010110111111110101010111010101111100011
1011111010101100000011101010110111111110101010111010101111100011
1011111010101100000011101010110111111110101010111010101111100011
1011111010101100000011101010110111111110101010111010101111100011
1011111010101100000011101010110111111110101010111010101111100011
1011111010101100000011101010110111111110101010111010101111100011
1011111010101100000011101010110111111110101010111010101111100011
1011111010101100000011101010110111111110101010111010101111100011
1011111010101100000011101010110111111110101010111010101111100011
1011111010101100000011101010110111111110101010111010101111100011
1011111010101100000011101010110111111110101010111010101111100011
1011111010101100000011101010110111111110101010111010101111100011
1011111010101100000011101010110111111110101010111010101111100011
1011111010101100000011101010110111111110101010111010101111100011
1011111010101100000011101010110111111110101010111010101111100011
1011111010101100000011101010110111111110101010111010101111100011
1011111010101100000011101010110111111110101010111010101111100011
1011111010101100000011101010110111111110101010111010101111100011
1011111010101100000011101010110111111110101010111010101111100011
1011111010101100000011101010110111111110101010111010101111100011
1011111010101100000011101010110111111110101010111010101111100011
1011111010101100000011101010110111111110101010111010101111100011
1011111010101100000011101010110111111110101010111010101111100011
1011111010101100000011101010110111111110101010111010101111100011
1011111010101100000011101010110111111110101010111010101111100011
1011111010101100000011101010110111111110101010111010101111100011
1011111010101100000011101010110111111110101010111010101111100011
1011111010101100000011101010110111111110101010111010101111100011
1011111010101100000011101010110111111110101010111010101111100011
1011111010101100000011101010110111111110101010111010101111100011
1011111010101100000011101010110111111110101010111010101111100011
1011111010101100000011101010110111111110101010111010101111100011
1011111010101100000011101010110111111110101010111010101111100011
1011111010101100000011101010110111111110101010111010101111100011
1011111010101100000011101010110111111110101010111010101111100011
1011111010101100000011101010110111111110101010111010101111100011
1011111010101100000011101010110111111110101010111010101111100011
1011111010101100000011101010110111111110101010111010101111100011
1011111010101100000011101010110111111110101010111010101111100011
1011111010101100000011101010110111111110101010111010101111100011
1011111010101100000011101010110111111110101010111010101111100011
1011111010101100000011101010110111111110101010111010101111100011
1011111010101100000011101010110111111110101010111010101111100011
1011111010101100000011101010110111111110101010111010101111100011
1011111010101100000011101010110111111110101010111010101111100011
1011111010101100000011101010110111111110101010111010101111100011
1011111010101100000011101010110111111110101010111010101111100011
1011111010101100000011101010110111111110101010111010101111100011
1011111010101100000011101010110111111110101010111010101111100011
1011111010101100000011101010110111111110101010111010101111100011
1011111010101100000011101010110111111110101010111010101111100011
1011111010101100000011101010110111111110101010111010101111100011
1011111010101100000011101010110111111110101010111010101111100011
1011111010101100000011101010110111111110101010111010101111100011
1011111010101100000011101010110111111110101010111010101111100011
1011111010101100000011101010110111111110101010111010101111100011
1011111010101100000011101010110111111110101010111010101111100011
1011111010101100000011101010110111111110101010111010101111100011
1011111010101100000011101010110111111110101010111010101111100011
1011111010101100000011101010110111111110101010111010101111100011
1011111010101100000011101010110111111110101010111010101111100011
1011111010101100000011101010110111111110101010111010101111100011
1011111010101100000011101010110111111110101010111010101111100011
1011111010101100000011101010110111111110101010111010101111100011
1011111010101100000011101010110111111110101010111010101111100011
1011111010101100000011101010110111111110101010111010101111100011
1011111010101100000011101010110111111110101010111010101111100011
1011111010101100000011101010110111111110101010111010101111100011
1011111010101100000011101010110111111110101010111010101111100011
1011111010101100000011101010110111111110101010111010101111100011
1011111010101100000011101010110111111110101010111010101111100011
1011111010101100000011101010110111111110101010111010101111100011
1011111010101100000011101010110111111110101010111010101111100011
1011111010101100000011101010110111111110101010111010101111100011
1011111010101100000011101010110111111110101010111010101111100011
1011111010101100000011101010110111111110101010111010101111100011
1011111010101100000011101010110111111110101010111010101111100011
1011111010101100000011101010110111111110101010111010101111100011
1011111010101100000011101010110111111110101010111010101111100011
1011111010101100000011101010110111111110101010111010101111100011
1011111010101100000011101010110111111110101010111010101111100011
1011111010101100000011101010110111111110101010111010101111100011
1011111010101100000011101010110111111110101010111010101111100011
1011111010101100000011101010110111111110101010111010101111100011
1011111010101100000011101010110111111110101010111010101111100011
1011111010101100000011101010110111111110101010111010101111100011
1011111010101100000011101010110111111110101010111010101111100011
1011111010101100000011101010110111111110101010111010101111100011
1011111010101100000011101010110111111110101010111010101111100011
1011111010101100000011101010110111111110101010111010101111100011
1011111010101100000011101010110111111110101010111010101111100011
1011111010101100000011101010110111111110101010111010101111100011
1011111010101100000011101010110111111110101010111010101111100011
1011111010101100000011101010110111111110101010111010101111100011
1011111010101100000011101010110111111110101010111010101111100011
1011111010101100000011101010110111111110101010111010101111100011
1011111010101100000011101010110111111110101010111010101111100011
1011111010101100000011101010110111111110101010111010101111100011
1011111010101100000011101010110111111110101010111010101111100011
1011111010101100000011101010110111111110101010111010101111100011
1011111010101100000011101010110111111110101010111010101111100011
1011111010101100000011101010110111111110101010111010101111100011
1011111010101100000011101010110111111110101010111010101111100011
1011111010101100000011101010110111111110101010111010101111100011
1011111010101100000011101010110111111110101010111010101111100011
1011111010101100000011101010110111111110101010111010101111100011
1011111010101100000011101010110111111110101010111010101111100011
1011111010101100000011101010110111111110101010111010101111100011
1011111010101100000011101010110111111110101010111010101111100011
1011111010101100000011101010110111111110101010111010101111100011
1011111010101100000011101010110111111110101010111010101111100011
1011111010101100000011101010110111111110101010111010101111100011
1011111010101100000011101010110111111110101010111010101111100011
1011111010101100000011101010110111111110101010111010101111100011
1011111010101100000011101010110111111110101010111010101111100011
1011111010101100000011101010110111111110101010111010101111100011
1011111010101100000011101010110111111110101010111010101111100011
1011111010101100000011101010110111111110101010111010101111100011
