1101111010101101110111101010110111011110101011011101111010101101
1101111010101101110111101010110111011110101011011101111010101101
1101111010101101110111101010110111011110101011011101111010101101
1101111010101101110111101010110111011110101011011101111010101101
1101111010101101110111101010110111011110101011011101111010101101
1101111010101101110111101010110111011110101011011101111010101101
1101111010101101110111101010110111011110101011011101111010101101
1101111010101101110111101010110111011110101011011101111010101101
1101111010101101110111101010110111011110101011011101111010101101
1101111010101101110111101010110111011110101011011101111010101101
1101111010101101110111101010110111011110101011011101111010101101
1101111010101101110111101010110111011110101011011101111010101101
1101111010101101110111101010110111011110101011011101111010101101
1101111010101101110111101010110111011110101011011101111010101101
1101111010101101110111101010110111011110101011011101111010101101
1101111010101101110111101010110111011110101011011101111010101101
1101111010101101110111101010110111011110101011011101111010101101
1101111010101101110111101010110111011110101011011101111010101101
1101111010101101110111101010110111011110101011011101111010101101
1101111010101101110111101010110111011110101011011101111010101101
1101111010101101110111101010110111011110101011011101111010101101
1101111010101101110111101010110111011110101011011101111010101101
1101111010101101110111101010110111011110101011011101111010101101
1101111010101101110111101010110111011110101011011101111010101101
1101111010101101110111101010110111011110101011011101111010101101
1101111010101101110111101010110111011110101011011101111010101101
1101111010101101110111101010110111011110101011011101111010101101
1101111010101101110111101010110111011110101011011101111010101101
1101111010101101110111101010110111011110101011011101111010101101
1101111010101101110111101010110111011110101011011101111010101101
1101111010101101110111101010110111011110101011011101111010101101
1101111010101101110111101010110111011110101011011101111010101101
1101111010101101110111101010110111011110101011011101111010101101
1101111010101101110111101010110111011110101011011101111010101101
1101111010101101110111101010110111011110101011011101111010101101
1101111010101101110111101010110111011110101011011101111010101101
1101111010101101110111101010110111011110101011011101111010101101
1101111010101101110111101010110111011110101011011101111010101101
1101111010101101110111101010110111011110101011011101111010101101
1101111010101101110111101010110111011110101011011101111010101101
1101111010101101110111101010110111011110101011011101111010101101
1101111010101101110111101010110111011110101011011101111010101101
1101111010101101110111101010110111011110101011011101111010101101
1101111010101101110111101010110111011110101011011101111010101101
1101111010101101110111101010110111011110101011011101111010101101
1101111010101101110111101010110111011110101011011101111010101101
1101111010101101110111101010110111011110101011011101111010101101
1101111010101101110111101010110111011110101011011101111010101101
1101111010101101110111101010110111011110101011011101111010101101
1101111010101101110111101010110111011110101011011101111010101101
1101111010101101110111101010110111011110101011011101111010101101
1101111010101101110111101010110111011110101011011101111010101101
1101111010101101110111101010110111011110101011011101111010101101
1101111010101101110111101010110111011110101011011101111010101101
1101111010101101110111101010110111011110101011011101111010101101
1101111010101101110111101010110111011110101011011101111010101101
1101111010101101110111101010110111011110101011011101111010101101
1101111010101101110111101010110111011110101011011101111010101101
1101111010101101110111101010110111011110101011011101111010101101
1101111010101101110111101010110111011110101011011101111010101101
1101111010101101110111101010110111011110101011011101111010101101
1101111010101101110111101010110111011110101011011101111010101101
1101111010101101110111101010110111011110101011011101111010101101
1101111010101101110111101010110111011110101011011101111010101101
