1101111010101101101111101110111111011110101011011011111011101111
1010110011100000110111101010110110111110111011111010110011100000
1111111111111111111111111111111111111111111111111111111111111111
0000000111100100010000010101000000
0000001000100001101001111000000000
0000001100101101001111111100000000
0000001100110000100110000001000000
0000001100111010100000001101000000
0000010001001111110110011101000000
0000010001010101110000101111000000
0000010011110001101111110110000000
0000011101001100110111111101000000
0000011110000101101101111011000000
0000011110011010001000110011000000
0000100000110000000010100001000000
0000100110010100111111011101000000
0000100111001100011100111101000000
0000101001110011100010100110000000
0000101011001001010111011000000000
0000101011001101001100011101000000
0000101011011101010101101110000000
0000101011111001001010000001000000
0000110000011110010011011011000000
0000110000100001010010001010000000
0000110001100010000111101000000000
0000110111111000101110011111000000
0000111000010100101110100000000000
0001000000001001100110111001000000
0001000000011010110111111110000000
0001001000000000101100110101000000
0001001000011100110011111111000000
0001001101000010001001011000000000
0001001101010111100101011001000000
0001010000110111110011100000000000
0001010010111011011101011100000000
0001010101001100111100000011000000
0001010111101101101000001100000000
0001010111110101110110000011000000
0001011000101000011111001110000000
0001011001100101011100011011000000
0001011010001010110011100110000000
0001011010010110101001110011000000
0001011010011110010111010111000000
0001011010111100110010101010000000
0001011111001010110000100000000000
0001100011011011000110001101000000
0001100100100100110100011010000000
0001110001111001110101100110000000
0001110011110001100011111100000000
0001110111010110110011110010000000
0001110111101100101101110011000000
0001111010010000011101101011000000
0001111101000111010010011111000000
0001111110110111000111000100000000
0010000001110111111011100010000000
0010000010000111011001100010000000
0010000010001001110111001101000000
0010000011010101011110000011000000
0010000100101110111111111010000000
0010000110010101000010111010000000
0010000111101010010001111011000000
0010000111101010011110111101000000
0010000111101110110100101001000000
0010001000001100100111001111000000
0010001000100001100001111001000000
0010001001101011111110111000000000
0010001010111110111011010110000000
0010001011001010101000000101000000
0010001011110000000011000101000000
0010001100011011000001011111000000
0010001111110110011110100011000000
0010010000001111111100100110000000
0010010000011010001110111010000000
0010010110101011110011100010000000
0010011001001101100110000000000000
0010011011101101111000000011000000
0010100000011100001001011110000000
0010100101011100001111010100000000
0010101000011110101011011001000000
0010101010101010011111111001000000
0010101111010110110101110101000000
0010110000000101010111000111000000
0010110000101100111100000000000000
0010110001011011001101110000000000
0010110010111110110010100010000000
0010110111110000011111101011000000
0010111001101011000111010101000000
0010111001110101010111110010000000
0010111010100010100110000011000000
0010111010111100101011100110000000
0010111101001001011100000100000000
0010111110011000000011001010000000
0011000000010001011001111111000000
0011000010000100011001111111000000
0011000011110011001100001011000000
0011000101011100000001000000000000
0011000110000001100010010111000000
0011000110001000011111000010000000
0011000111011101001000110010000000
0011001000000101111111011010000000
0011001000110001011000101011000000
0011001101001001001010000000000000
0011001101101111011101100111000000
0011001111110011011011010111000000
0011010001001110011010100000000000
0011010010001101100100100111000000
0011010010011110010001110011000000
0011010010101010011010010010000000
0011010011010110010100010100000000
0011010100111110101101001000000000
0011011000100000001101011100000000
0011011001010101010100010001000000
0011011100100000101011111011000000
0011100000000101101011001111000000
0011100110000010110100001110000000
0011100110101011110000111110000000
0011101000111101111010110010000000
0011101001001101111000110110000000
0011101010110011100111100100000000
0011101011111111100100011011000000
0011101101001111010010011111000000
0011101101011101111010101001000000
0011111001000100110101110110000000
0011111101001111011011101000000000
0011111110010000110011101000000000
0011111110111101001000011100000000
0011111111001000010000100100000000
0100000000001011111101011000000000
0100000100111001110000101000000000
0100000101100101110101011001000000
0100000111001000110001010000000000
0100001010000010010000110100000000
0100001101001010100111011100000000
0100001111110001100110010010000000
0100010000100011111111110011000000
0100010010111100001010111010000000
0100010111000010111110010111000000
0100010111010010100110110101000000
0100011111101011111100011101000000
0100100010110101101000100110000000
0100100100101110101101100111000000
0100101000001001011001000011000000
0100101000100000110101101100000000
0100101001111110000011111101000000
0100101011000000110101011100000000
0100101100101100110110110110000000
0100101101011011101110100001000000
0100101110101100010010100000000000
0100101111111111010010111111000000
0100110000010000000010111101000000
0100110011110111011001011111000000
0100110111110111001100011011000000
0100111101001001101001010000000000
0100111110000011010011101001000000
0101000010100111111111101001000000
0101000100110110011110111101000000
0101000101101111010010000000000000
0101000101111101010010000001000000
0101000110101111010111101011000000
0101001000110010110110000101000000
0101001001010111111001100000000000
0101001010001001000011001001000000
0101001010100000101101011111000000
0101001110111010101000110101000000
0101001111011010110000110000000000
0101010001000011111010010111000000
0101010001010000011010010101000000
0101010011000100001100000111000000
0101010100001100001101011111000000
0101010101010110010011111011000000
0101010111100001101011111110000000
0101011001100011110101011011000000
0101011011011110110101110100000000
0101011100011111100100100000000000
0101011101110010000101010001000000
0101100001011011011110110001000000
0101100010100011001001001010000000
0101100100010101010111001010000000
0101101010010000010010000010000000
0101101010100111010110000000000000
0101101011111110111010001011000000
0101101100011101010101010111000000
0101110001110100011110100111000000
0101110011110000010100011010000000
0101110100011101000110001000000000
0101110101100110001001100000000000
0101111001110110101101011000000000
0101111010010000011001100100000000
0101111011100000000011001110000000
0110000001111010010110100101000000
0110000011011110010101011001000000
0110000011110101111010111101000000
0110000110010101101111010101000000
0110000110101000000110000111000000
0110001101010101001100010111000000
0110001110011001001000100010000000
0110010011100101011101111111000000
0110010100010110000010100000000000
0110010101000010101011010101000000
0110010101100111000000010101000000
0110010101110101110110000010000000
0110010101111010000111011010000000
0110010110111101101100100101000000
0110010111010100100111111110000000
0110011000101111001000110011000000
0110011011011111001010101011000000
0110011011110001101011011001000000
0110011101000010101101100111000000
0110100000011100110000100100000000
0110100000011101111000101001000000
0110100101010110110011001000000000
0110100101110011010111001101000000
0110101000001010000010000010000000
0110101001110111000111000111000000
0110101001111110000111101100000000
0110101011001111101111111001000000
0110101011111100110001100010000000
0110110010101010100000001000000000
0110111001101110111011001111000000
0111000000011100011010011101000000
0111000110101111100011011000000000
0111000111010011101011101111000000
0111001001011011100011111101000000
0111001100011111101110111101000000
0111001100111010100100111011000000
0111010001001100001010010011000000
0111010100000001111111011011000000
0111010101010101111111100100000000
0111010111110100101010101011000000
0111011000011100111010110011000000
0111011001000001110011101000000000
0111011101101011000010110100000000
0111011111011100010111111000000000
0111100011011101100000110101000000
0111100100010100010000101101000000
0111100101110010111000111011000000
0111100110011101010001000111000000
0111100111111111100110010001000000
0111101001011110110001110111000000
0111101010000111101100111111000000
0111101110101111100011110110000000
0111110101011001010100101111000000
0111111000001011001010010010000000
0111111010110101001011111011000000
0111111010110101010000110100000000
0111111010111011011001101011000000
0111111011110100000111010010000000
0111111100001101011001100110000000
0111111101100001011100000111000000
0111111110110001000111001011000000
1000000000001110111010011111000000
1000000001000010010111011100000000
1000000010111011111000111110000000
1000001001011110100010111101000000
1000001100110101111011010100000000
1000001101101011001010111110000000
1000010011000000001100000001000000
1000010011100100100010011101000000
1000010101100100011011011101000000
1000010101101001011011011111000000
1000010110010101000110010000000000
1000011000011011011110100011000000
1000011001011001111101000100000000
1000011011001100110000100000000000
1000011101100000001101010110000000
1000100001000001110011100000000000
1000100011111000010011000010000000
1000100111110000011011000110000000
1000101011110000101110010001000000
1000101110100001010110011010000000
1000101111101100100011001111000000
1000110000100001111110101110000000
1000110000110100010000000100000000
1000110001101011010111110000000000
1000110010010011100011001101000000
1000110010110010110000010100000000
1000110011011010111110101110000000
1000110101001110100101010111000000
1000110111000000111010100100000000
1000111000110001001111000000000000
1000111010110100111001110000000000
1000111100101001111100111100000000
1000111101001011011011111011000000
1001000000010000101000110100000000
1001000000010100101010101110000000
1001000011000001010110100011000000
1001000011101101101011101100000000
1001000011111111100100001101000000
1001000101110011100000100101000000
1001001010001000011110001010000000
1001001010101011011101111111000000
1001001110011011100011011011000000
1001010000011010111010111100000000
1001010000100000100010011000000000
1001010000100010110010010011000000
1001010001011100110001010101000000
1001010010000000101010111011000000
1001010011110011111101000110000000
1001010100100110101010000010000000
1001011000000111111111000111000000
1001011001011100110001100010000000
1001011001101011010010000110000000
1001011010011011011010101000000000
1001011100010110110001010000000000
1001100101111111010011010110000000
1001100110110000111101100111000000
1001100111000010000011001000000000
1001100111101011110100010100000000
1001101100011101110011110000000000
1001110101100111001001110011000000
1001110110000011101100101111000000
1001110110110100000001100010000000
1001111000101010110001100011000000
1001111001000001011111010110000000
1001111110100000100111111101000000
1001111110111010000010010010000000
1010000000110111000000000001000000
1010000100100101010101001010000000
1010001001101110001011000101000000
1010001010010100001101101110000000
1010001011010010011010111010000000
1010001011100111111101011110000000
1010001100110000011010001110000000
1010001101001000110101110100000000
1010001110101100110000011011000000
1010010000011111001111001100000000
1010010010001111000110100010000000
1010010011101110111100101100000000
1010010110011101101100011010000000
1010010110011111010101111000000000
1010010111101101001111100000000000
1010011011000110001011111110000000
1010011100000011110101011100000000
1010011110011110001100100100000000
1010100000100100000100000110000000
1010100011011111111000110000000000
1010100100101000010000100011000000
1010100110001011100011100101000000
1010100111000101010110011110000000
1010101000000011011010100010000000
1010101000000110010101010011000000
1010101110110001100011100110000000
1010110001110111100001100010000000
1010110010011111110111011011000000
1010110110110111001010001000000000
1010111000111110101010101111000000
1010111011010110101111111011000000
1010111011100010000101111011000000
1010111101110000001010111011000000
1011000000011010101111110100000000
1011000101010001111100111010000000
1011000110111101101110000001000000
1011001000000011000101111010000000
1011001000100000101010000111000000
1011001010011001110111111111000000
1011001101100101010111011000000000
1011001110000001000110010011000000
1011001110010010111000111101000000
1011001111101001101101101110000000
1011001111101110111101010011000000
1011010000101101000001100111000000
1011010101000010111110011001000000
1011011000010000000010111110000000
1011011000111110000001111111000000
1011011000111111010001101010000000
1011011001101001100010111011000000
1011011011110110001001101111000000
1011011110001100000011100001000000
1011100010000000111100110010000000
1011100101000000001111111000000000
1011100101101110011100001110000000
1011100111101100010111001100000000
1011101001110111100000010100000000
1011101011101010011000111101000000
1011101101010000010011110011000000
1011101111010110011100000010000000
1011110000011001111001100001000000
1011110001000110100011100110000000
1011110110001001010010011100000000
1011111001000010110010000010000000
1011111010100011110110110011000000
1011111100100100011111111111000000
1011111101010011010001101001000000
1011111111111111001100101111000000
1100000011000110100001110000000000
1100000100010001001101000011000000
1100000111011101000100111101000000
1100001001010000110111100100000000
1100001010001011110110101011000000
1100001011000101110011100000000000
1100001101110001111110111000000000
1100001110110100110101000010000000
1100010100010010111011000001000000
1100010100111001011010011111000000
1100010110001101011011101000000000
1100011000000101100010001111000000
1100011000011010000000100010000000
1100011000110101011101011001000000
1100011001000000101000001000000000
1100011010011000000111110110000000
1100011110011101000101010001000000
1100100101010100110100111001000000
1100100110110010001000110010000000
1100101000100110010000111010000000
1100101000110100011100110011000000
1100101001001001111101000110000000
1100101110001011100010010110000000
1100101111000101101100100000000000
1100110010011101100010001111000000
1100110101011101000001111010000000
1100110101110000001111111101000000
1100111101000101100010000110000000
1100111110100000011100001010000000
1101000001100101110001110000000000
1101000010010110111111100011000000
1101000011001001100111011000000000
1101000101101101010001110000000000
1101001000100000110111101001000000
1101001011011011011000110101000000
1101001110011000001111100011000000
1101001110100001010111100000000000
1101010011001100011010101011000000
1101010100111110110110010010000000
1101010101101110111110111101000000
1101010101110010000000010000000000
1101010111001100100000001110000000
1101011100110101010000001110000000
1101011101001101101110111010000000
1101100000100000000100101101000000
1101100010100110011011000101000000
1101100110101001000100100101000000
1101100111010111100111110000000000
1101101001100100100100010111000000
1101101010011001100000101000000000
1101101100111101100001011011000000
1101101111010111010000011011000000
1101101111011011100001010111000000
1101110001110101001100101111000000
1101110010011110001111001111000000
1101110100001110010111110111000000
1101111000101101000111001011000000
1101111010100000100000000001000000
1101111101110101010110011111000000
1101111110110010101100001000000000
1101111111100011000110010000000000
1110000000001010101001000001000000
1110000000011001001110111011000000
1110000001100010010100000010000000
1110000100110100010010100000000000
1110000101011010001110111111000000
1110001000011010001111111000000000
1110001000101001111101110010000000
1110001001110000100100010111000000
1110001010001010001010000110000000
1110001011000101001101101101000000
1110010000100010100011111100000000
1110010000101011011001111101000000
1110010011101000101110111101000000
1110011010010110001101100110000000
1110011011111101000110001101000000
1110011100001111110100110100000000
1110011101100001101011101101000000
1110011111110000001010010111000000
1110100000011111010110000111000000
1110100010101000011100011000000000
1110100011000001010010111111000000
1110100100111111001011101011000000
1110100101001100001110111100000000
1110100110101101110010101011000000
1110100111011011101001100100000000
1110101000011010110010110111000000
1110101001110000011000110001000000
1110101011110111111100110010000000
1110101101000110010111111001000000
1110110000101011100001100010000000
1110110000111110100111111100000000
1110110111010001001001111111000000
1110110111101001000101001010000000
1110110111111100010111010111000000
1110111000001111101000101100000000
1110111010100101101110111011000000
1110111011000101000111000100000000
1110111011011111000111110110000000
1110111100110010000011110001000000
1110111100111001100100010100000000
1110111101011001010100001110000000
1111000010100111101110000000000000
1111000110000000101010000101000000
1111000110100000111110010011000000
1111001010011110010101010011000000
1111001100110100010100001011000000
1111001101000111100000011010000000
1111001110110111010111111110000000
1111001111011110010111000110000000
1111010000010010011111110110000000
1111010010111010110110000001000000
1111010011011110110001101111000000
1111010100000101111011101100000000
1111010100101001111100110101000000
1111011010000110100000010001000000
1111011010100111111101111011000000
1111011010111110101110110111000000
1111100001011100011001110000000000
1111100100000111011101000111000000
1111100111001000100110010110000000
1111101011011010011000100010000000
1111101011111101110011011001000000
1111101111111010110101000101000000
1111110000110000111000101011000000
1111110010110010001100101111000000
1111110011000100110000000001000000
1111110011011000100101010001000000
1111110100011001110110010110000000
1111110101011010101010101001000000
1111111000011101110001100110000000
1101111010101101101011001110000010111110111011111010110011100000